0
0.0100287
0.0200573
0.030086
0.0401146
0.0501433
0.0601719
0.0702006
0.0802292
0.0902579
0.100287
0.110315
0.120344
0.130372
0.140401
0.15043
0.160458
0.170487
0.180516
0.190544
0.200573
0.210602
0.22063
0.230659
0.240688
0.250716
0.260745
0.270774
0.280802
0.290831
0.30086
0.310888
0.320917
0.330946
0.340974
0.351003
0.361032
0.37106
0.381089
0.391117
0.401146
0.411175
0.421203
0.431232
0.441261
0.451289
0.461318
0.471347
0.481375
0.491404
0.501433
0.511461
0.52149
0.531519
0.541547
0.551576
0.561605
0.571633
0.581662
0.591691
0.601719
0.611748
0.621777
0.631805
0.641834
0.651862
0.661891
0.67192
0.681948
0.691977
0.702006
0.712034
0.722063
0.732092
0.74212
0.752149
0.762178
0.772206
0.782235
0.792264
0.802292
0.812321
0.82235
0.832378
0.842407
0.852436
0.862464
0.872493
0.882521
0.89255
0.902579
0.912607
0.922636
0.932665
0.942693
0.952722
0.962751
0.972779
0.982808
0.992837
1.00287
1.01289
1.02292
1.03295
1.04298
1.05301
1.06304
1.07307
1.08309
1.09312
1.10315
1.11318
1.12321
1.13324
1.14327
1.1533
1.16332
1.17335
1.18338
1.19341
1.20344
1.21347
1.2235
1.23352
1.24355
1.25358
1.26361
1.27364
1.28367
1.2937
1.30372
1.31375
1.32378
1.33381
1.34384
1.35387
1.3639
1.37393
1.38395
1.39398
1.40401
1.41404
1.42407
1.4341
1.44413
1.45415
1.46418
1.47421
1.48424
1.49427
1.5043
1.51433
1.52436
1.53438
1.54441
1.55444
1.56447
1.5745
1.58453
1.59456
1.60458
1.61461
1.62464
1.63467
1.6447
1.65473
1.66476
1.67479
1.68481
1.69484
1.70487
1.7149
1.72493
1.73496
1.74499
1.75501
1.76504
1.77507
1.7851
1.79513
1.80516
1.81519
1.82521
1.83524
1.84527
1.8553
1.86533
1.87536
1.88539
1.89542
1.90544
1.91547
1.9255
1.93553
1.94556
1.95559
1.96562
1.97564
1.98567
1.9957
2.00573
2.01576
2.02579
2.03582
2.04585
2.05587
2.0659
2.07593
2.08596
2.09599
2.10602
2.11605
2.12607
2.1361
2.14613
2.15616
2.16619
2.17622
2.18625
2.19628
2.2063
2.21633
2.22636
2.23639
2.24642
2.25645
2.26648
2.2765
2.28653
2.29656
2.30659
2.31662
2.32665
2.33668
2.3467
2.35673
2.36676
2.37679
2.38682
2.39685
2.40688
2.41691
2.42693
2.43696
2.44699
2.45702
2.46705
2.47708
2.48711
2.49713
2.50716
2.51719
2.52722
2.53725
2.54728
2.55731
2.56734
2.57736
2.58739
2.59742
2.60745
2.61748
2.62751
2.63754
2.64756
2.65759
2.66762
2.67765
2.68768
2.69771
2.70774
2.71777
2.72779
2.73782
2.74785
2.75788
2.76791
2.77794
2.78797
2.79799
2.80802
2.81805
2.82808
2.83811
2.84814
2.85817
2.86819
2.87822
2.88825
2.89828
2.90831
2.91834
2.92837
2.9384
2.94842
2.95845
2.96848
2.97851
2.98854
2.99857
3.0086
3.01862
3.02865
3.03868
3.04871
3.05874
3.06877
3.0788
3.08883
3.09885
3.10888
3.11891
3.12894
3.13897
3.149
3.15903
3.16905
3.17908
3.18911
3.19914
3.20917
3.2192
3.22923
3.23926
3.24928
3.25931
3.26934
3.27937
3.2894
3.29943
3.30946
3.31948
3.32951
3.33954
3.34957
3.3596
3.36963
3.37966
3.38968
3.39971
3.40974
3.41977
3.4298
3.43983
3.44986
3.45989
3.46991
3.47994
3.48997
3.5
